0.61479 -0.10141 -0.226246 -0.0177126 -0.276784 -0.329476 0.2 -0.416169
-0.416169 0.0861834 0.284351 0.177427 -0.078052 -0.077471 0.8 -0.139347
-0.139347 0.363943 0.154984 -0.0687118 0.151579 -0.00792921 0.9 -0.0469073
-0.0469073 -0.261252 -0.0781619 -0.00110815 -0.0251122 0.270853 0.4 -0.46859
-0.46859 -0.253243 0.0352378 -0.247606 0.0222281 -0.00806129 0.5 0.169292
0.169292 0.486561 0.541285 0.160347 0.257361 -0.441787 0.5 -0.0361712
-0.0361712 0.100205 0.196345 -0.0320563 0.157208 0.414872 0.8 0.336048
0.336048 -0.141195 0.11481 0.0118391 0.111462 0.135728 0.5 -0.00665615
-0.00665615 0.0981931 -0.45136 0.165118 -0.103282 -0.00458235 0.5 0.302752
0.302752 -0.167735 -0.0320053 -0.152609 -0.07043 -0.300461 0.2 0
