-0.973403 -0.631028 -0.939581 -0.651052 -0.850871 -0.932166 -0.698215 -1.12448 -0.691061 -0.97596
-0.424237 -1.27492 -1.01363 -0.816439 -0.906985 -0.834916 -0.419479 -0.828089 -1.08614 -1.10744
-0.714276 -1.19045 -0.192721 -0.609552 -1.02299 -0.84957 -0.480106 -1.1039 -0.384349 -1.91058
-0.647874 0.0746801 -0.262296 -0.120929 0.0218527 -0.661178 -1.13763 -0.228391 -0.372608 -0.824452
-0.621246 -0.752295 -0.875427 -0.768017 -1.2228 -0.275532 -1.01434 -0.759364 -1.07376 -0.922982
-0.755782 -0.404781 -0.986725 -1.02248 -0.858098 -0.896969 -0.841371 -0.716847 -0.916886 -1.19851
-0.0730472 -0.333313 -0.392517 -0.475352 -0.763955 -0.204118 -0.588927 -0.215538 -0.813293 0.406382
-0.793312 -0.753275 -0.789407 -0.77721 -0.705947 -1.11838 -0.418461 -0.519288 -0.985174 -1.4043
-0.992132 -0.670579 -0.351874 -0.736839 -0.4298 -0.27354 -0.795619 -0.156782 -1.14891 -0.12396
-0.70829 -0.900001 -1.02869 -0.0709556 0.30501 -0.525675 -0.717093 -0.679413 0.0664988 0.033318
